-5.201096371306000037e+03 1.514319662790572011e+03 -6.236380109582007947e+01 -1.518826403261100268e+03 -1.663744296105682565e+02 1.337376489709686894e+03 -1.075965918312791928e+03 -4.046724836939290526e+02 4.253921263089920969e-05 8.134330196302933018e+02 8.027905153465812873e+02 7.521768344530886452e+01 -1.031214126486729441e+02 -1.275470120630256190e+02 -1.219801063870317925e+01
8.142048048250194370e+02 1.705651885062312886e+03 8.523024202828950138e+02 1.296080728405820764e+03 1.257197538674716725e+03 4.964655301574341024e+02 -1.313084775584270574e+02 -1.020587337716808634e+03 3.685206440537792606e-06 -8.399403429007321620e+01 -6.041228130510959318e+02 -9.004958148149382851e+02 -3.896398585276328959e+02 4.403287363339516105e+02 3.604884613266826818e+02
2.110888869600477165e+02 1.012648505415571208e+03 5.917845159276529898e+01 4.657162309369504101e+02 1.420734569253640529e+03 -5.818036799504740202e+02 -4.460863089087750950e+02 1.754611775023131486e+02 -2.451878786527219331e-05 -2.191426729448601662e+01 -3.669435998523081821e+01 -6.565424496487615897e+02 -3.013079083753863756e+02 -8.091053886513903990e+02 3.769325092345864050e+02
-3.240185558579129520e+03 9.955713044221712380e+02 3.691128287427881673e+02 -4.571892346817434145e+02 -7.905846630520387919e+01 -1.364216077278660180e+02 1.549800389990647886e+02 7.059720653625997784e+02 -7.432684224168068822e-05 -1.107514466154375896e+03 -1.212946690842443786e+03 8.439963277572917377e+02 2.736558405895337387e+02 1.452309455315988203e+02 8.815737707260743719e+02
7.346373107910605427e+01 -9.566060985084384356e+02 -8.099595336432678323e+02 1.240855957082065288e+03 -4.048230474355303841e+02 6.268321592694047695e+02 -7.986857341875727343e+02 3.216975231155746542e+02 2.852241411322428471e-05 5.878816099631619636e+02 -2.082174737246244263e+02 3.629950843773541465e+02 -6.158241601472967659e+02 5.025091581446585565e+02 -1.705669011203985974e+02
1.442077679857729891e+02 -1.320208348019566756e+03 -1.277009807112417548e+03 1.430143830001061360e+03 -2.237960885620463500e+02 4.126320557421183821e+02 -6.555724841591220411e+02 6.730145400560890039e+02 1.679605818458181205e-06 -1.415139551203842814e+02 -5.378806538125959378e+02 8.092698719268369132e+02 -5.364266906768727949e+02 -4.903894548904008843e+02 -4.811222185056717535e+02
-5.428777009142079635e+01 -9.229455369553115816e+02 -2.262708202835154339e+02 5.694772101736741661e+02 4.374347768019456453e+02 -1.347379821780226621e+02 -8.523223563430968852e+02 -4.110444997048288087e+02 4.130881193006483935e-05 -4.861799287205972178e+02 3.944179124554832470e+02 3.066170076977600729e+02 -6.235154566009629207e+01 3.065672968874449111e+02 1.377076350498502677e+02
1.796784421438758272e+03 2.666592309034763275e+02 -8.322807553401107725e+02 -3.538705125696378673e+01 4.801233803528713224e+02 1.385228283556532915e+03 8.226547051520082050e+02 -1.965342953846553939e+02 2.211887229280052572e-05 6.370622358946368422e+02 1.386988357466437378e+02 2.209370406370455839e+02 2.912543706218274906e+02 1.225053075243081935e+02 -2.648799230666778612e+02
1.909445530508033698e+03 -8.389134825016994910e+02 -7.338497756695375074e+02 -9.235133185716685489e+01 2.846528500510147524e+02 6.618334534100395103e+02 1.760669074801587044e+02 -3.102044257181777311e+02 -6.226395004944534710e-05 9.838808698611123873e+02 -6.636764622433848899e+02 4.448575697837726750e+01 7.814688264257782748e+02 -3.008964805035742529e+02 5.972482779451701163e+02
1.920856837183034258e+03 3.126664813198276988e+03 2.193431248594948784e+02 9.180495575417946839e+02 -1.485586790006191450e+03 2.527818028577941050e+02 -5.952486465718294539e+02 -3.258689014402398243e+02 -1.791507297055036622e-06 -1.052005480331329636e+03 5.450203956892545420e+02 -1.606910352607746262e+01 4.898056980276013519e+02 -1.247638242529621095e+02 -4.118172805937388716e+02
2.694334704687674275e+03 1.749244499321602234e+03 -9.089271930503866770e+02 -4.284324791129630938e+01 -4.402776847149112882e+02 -9.223002009773115333e+02 2.511388970307074260e+02 1.348674437150906215e+03 -1.265325613434604036e-04 6.035286035208359863e+02 9.648627310245367426e+02 2.596281797723943896e+02 3.473903029373440177e+02 1.661766633797605266e+02 5.834579278631669013e+02
-3.162813848303777604e+02 1.901622301975807204e+03 2.871872657788438801e+02 -7.918977663913046854e+02 4.974741219480624750e+02 -1.040590589678922697e+03 1.082341125616213958e+03 -2.267037142060302699e+02 1.882124553609909048e-05 6.367663080385591456e+02 -9.419225510478756860e+02 5.717540358769624618e+02 2.379313080716258924e+02 9.015970907056414774e+01 -9.733802532489246460e+02
-9.908109085050188014e+02 -6.142369618476484447e+02 1.331623078616494695e+03 2.003593894114142770e+01 1.407041568144463781e+03 -1.650538728749774236e+03 -6.688939586254753067e+02 6.664769424580263149e+02 -5.159262391826918814e-06 1.740390504071940541e+02 5.469701215885955889e+02 -3.409308922555068477e+01 -1.185384567824187059e+02 1.441380304526111047e+02 -6.740408580778837404e+02
3.404432485785218887e+02 -3.122649157427501905e+02 -1.231498150632081888e+03 -9.192872070071733788e+02 -1.942296801428067283e+03 -1.678584278065767194e+03 -1.753264861956230618e+02 -1.061782217532054801e+03 -9.425028617713771282e-06 3.880856336961922466e+02 -4.946696726108436906e+02 -4.901418380785398767e+02 -9.323537772190341002e+02 -2.927663649512951594e+01 2.020884714062715943e+02
6.108637406753989580e+02 -1.234502556281806392e+03 -2.297579865405771670e+03 -1.782252744344448502e+03 3.303215843958274718e+02 3.909215512116156219e+02 -4.857174012746800145e+02 8.264142134617582087e+02 9.453231975044417584e-05 -8.675454549576311365e+02 -3.275608850037513093e+02 -1.213827289211100833e+03 5.577938092994214685e+02 1.956548280735586616e+02 -4.205148259409349407e+02
-4.409520915002996844e+03 -1.009340074533125176e+03 -5.804860696151316688e+02 1.899869892678651468e+03 -6.923381042303910817e+02 -2.142476848485442815e+02 1.909856796226538336e+03 2.331918723734028447e+02 -9.325717200253052337e-05 1.737663197184259545e+01 4.822569719668254038e+02 -8.035890228618151241e+02 3.362199613915148575e+02 -2.156807528330903878e+01 -2.560536369289134839e+01
1.281053233086459841e+03 -4.684415862799388606e+02 -5.915924829571686132e+02 -1.143388364189202548e+03 7.676373798817724037e+02 5.168165377767543305e+02 1.567472132614534985e+03 -5.495447179143055791e+02 5.531583987163005546e-05 -9.940232630512481364e+02 8.493948790254180494e+02 5.774061828747696836e+02 -1.122311197294468911e+03 -8.952267512746489331e+01 4.481873098368357944e+01
1.555462708390599005e+02 -2.379590684409087771e+03 5.136506995279017929e+02 -1.999901740837102082e+01 1.493020478464514440e+02 -8.654695283481485149e+02 -4.186110950942351110e+02 -1.434456712096916362e+03 6.477140877463645660e-06 -2.315532335954043219e+02 5.052917375578189194e+02 5.733529315552070784e+02 1.154997321791454397e+03 -1.698227468675903751e+01 2.625883261043417178e+02
1.066807728498862616e+03 -1.027032069506258267e+03 3.090120521365076456e+03 -3.511696606301079555e+02 -1.042299280894838375e+03 8.110436901559843363e+02 1.877733798438152348e+02 7.741378482335143474e+01 2.312588436531869094e-05 -1.822903314287512444e+02 -3.480417138767050460e+02 -2.921638267258770725e+02 1.774150476876770881e+02 -1.853513572572126122e+02 -6.359727355167902942e+02
1.193082001969198473e+03 -1.188299888504152932e+03 2.829299864038948726e+03 -6.856373168222701224e+02 -5.550691241630197510e+02 3.327627266774740065e+02 1.514548842685815941e+02 9.130827491039273127e+02 5.914855818204478512e-05 3.264804519604562643e+02 1.460291757974000006e+02 -2.387376688066486281e+02 -4.660574795118972702e+02 8.213250381277245538e+01 6.231942597627869418e+02
